[1,   100] loss: 905.848
[1,   200] loss: 408.576
[1,   300] loss: 356.099
[1,   400] loss: 457.019
[1,   500] loss: 616.153
[1,   600] loss: 437.243
[1,   700] loss: 445.717
[1,   800] loss: 397.141
[1,   900] loss: 348.728
[1,  1000] loss: 485.790
[1,  1100] loss: 611.547
[1,  1200] loss: 571.722
[1,  1300] loss: 557.647
[1,  1400] loss: 373.920
[2,   100] loss: 604.661
[2,   200] loss: 398.032
[2,   300] loss: 346.198
[2,   400] loss: 446.205
[2,   500] loss: 600.149
[2,   600] loss: 426.056
[2,   700] loss: 432.786
[2,   800] loss: 388.245
[2,   900] loss: 341.352
[2,  1000] loss: 474.665
[2,  1100] loss: 595.164
[2,  1200] loss: 556.764
[2,  1300] loss: 543.040
[2,  1400] loss: 364.316
[3,   100] loss: 591.874
[3,   200] loss: 389.114
[3,   300] loss: 336.722
[3,   400] loss: 435.792
[3,   500] loss: 584.750
[3,   600] loss: 415.323
[3,   700] loss: 420.372
[3,   800] loss: 379.667
[3,   900] loss: 334.255
[3,  1000] loss: 463.931
[3,  1100] loss: 579.390
[3,  1200] loss: 542.375
[3,  1300] loss: 528.973
[3,  1400] loss: 355.123
[4,   100] loss: 579.523
[4,   200] loss: 380.555
[4,   300] loss: 327.649
[4,   400] loss: 425.763
[4,   500] loss: 569.928
[4,   600] loss: 405.022
[4,   700] loss: 408.454
[4,   800] loss: 371.395
[4,   900] loss: 327.422
[4,  1000] loss: 453.573
[4,  1100] loss: 564.200
[4,  1200] loss: 528.532
[4,  1300] loss: 515.424
[4,  1400] loss: 346.322
[5,   100] loss: 567.591
[5,   200] loss: 372.340
[5,   300] loss: 318.962
[5,   400] loss: 416.104
[5,   500] loss: 555.661
[5,   600] loss: 395.137
[5,   700] loss: 397.011
[5,   800] loss: 363.415
[5,   900] loss: 320.845
[5,  1000] loss: 443.575
[5,  1100] loss: 549.569
[5,  1200] loss: 515.211
[5,  1300] loss: 502.373
[5,  1400] loss: 337.894
[6,   100] loss: 556.060
[6,   200] loss: 364.454
[6,   300] loss: 310.643
[6,   400] loss: 406.797
[6,   500] loss: 541.925
[6,   600] loss: 385.648
[6,   700] loss: 386.023
[6,   800] loss: 355.717
[6,   900] loss: 314.511
[6,  1000] loss: 433.923
[6,  1100] loss: 535.476
[6,  1200] loss: 502.392
[6,  1300] loss: 489.799
[6,  1400] loss: 329.824
[7,   100] loss: 544.914
[7,   200] loss: 356.883
[7,   300] loss: 302.678
[7,   400] loss: 397.831
[7,   500] loss: 528.702
[7,   600] loss: 376.540
[7,   700] loss: 375.471
[7,   800] loss: 348.289
[7,   900] loss: 308.411
[7,  1000] loss: 424.605
[7,  1100] loss: 521.901
[7,  1200] loss: 490.053
[7,  1300] loss: 477.684
[7,  1400] loss: 322.095
[8,   100] loss: 534.136
[8,   200] loss: 349.612
[8,   300] loss: 295.048
[8,   400] loss: 389.190
[8,   500] loss: 515.966
[8,   600] loss: 367.796
[8,   700] loss: 365.336
[8,   800] loss: 341.119
[8,   900] loss: 302.533
[8,  1000] loss: 415.605
[8,  1100] loss: 508.820
[8,  1200] loss: 478.174
[8,  1300] loss: 466.009
[8,  1400] loss: 314.691
[9,   100] loss: 523.713
[9,   200] loss: 342.629
[9,   300] loss: 287.740
[9,   400] loss: 380.861
[9,   500] loss: 503.700
[9,   600] loss: 359.399
[9,   700] loss: 355.602
[9,   800] loss: 334.198
[9,   900] loss: 296.869
[9,  1000] loss: 406.914
[9,  1100] loss: 496.216
[9,  1200] loss: 466.738
[9,  1300] loss: 454.756
[9,  1400] loss: 307.597
[10,   100] loss: 513.628
[10,   200] loss: 335.922
[10,   300] loss: 280.740
[10,   400] loss: 372.832
[10,   500] loss: 491.885
[10,   600] loss: 351.335
[10,   700] loss: 346.251
[10,   800] loss: 327.515
[10,   900] loss: 291.409
[10,  1000] loss: 398.517
[10,  1100] loss: 484.069
[10,  1200] loss: 455.724
[10,  1300] loss: 443.909
[10,  1400] loss: 300.801
predict (after training) 82 131.51397705078125
